[gd_scene load_steps=12 format=2]

[ext_resource path="res://noise_crate.png" type="Texture" id=1]
[ext_resource path="res://ground.png" type="Texture" id=2]
[ext_resource path="res://rusty.tres" type="Material" id=3]
[ext_resource path="res://rusty_shader.tres" type="Material" id=4]
[ext_resource path="res://Player.gd" type="Script" id=5]

[sub_resource type="BoxShape" id=1]

[sub_resource type="SpatialMaterial" id=2]
albedo_texture = ExtResource( 1 )

[sub_resource type="CapsuleShape" id=3]

[sub_resource type="BoxShape" id=4]

[sub_resource type="SpatialMaterial" id=5]
albedo_texture = ExtResource( 2 )
normal_enabled = true
normal_scale = 0.15
normal_texture = ExtResource( 2 )
uv1_scale = Vector3( 10, 10, 1 )

[sub_resource type="CubeMesh" id=6]
subdivide_width = 2
subdivide_height = 2
subdivide_depth = 2

[node name="Spatial" type="Spatial"]

[node name="crate" type="RigidBody" parent="."]
transform = Transform( 1, 0, 0, 0, 1, 0, 0, 0, 1, 0, 2.86061, 0 )
mass = 2.0

[node name="CollisionShape" type="CollisionShape" parent="crate"]
shape = SubResource( 1 )

[node name="CSGBox" type="CSGBox" parent="crate/CollisionShape"]
material = SubResource( 2 )

[node name="crate2" type="RigidBody" parent="."]
transform = Transform( 1, 0, 0, 0, 1, 0, 0, 0, 1, 0.869072, 5.53803, -0.609418 )
mass = 2.0

[node name="CollisionShape" type="CollisionShape" parent="crate2"]
shape = SubResource( 1 )

[node name="CSGBox" type="CSGBox" parent="crate2/CollisionShape"]
transform = Transform( 1, 0, 0, 0, 1, 0, 0, 0, 1, -0.0130239, -9.53674e-07, 0.00564957 )
material = SubResource( 2 )

[node name="Player" type="KinematicBody" parent="."]
transform = Transform( 0.358971, -0.933349, 4.0798e-08, 0, -4.37114e-08, -1, 0.933349, 0.358971, -1.56911e-08, 5.10622, 2.93262, 2.1664 )
script = ExtResource( 5 )

[node name="CollisionShape" type="CollisionShape" parent="Player"]
transform = Transform( 0.8, 0, 0, 0, 0.8, 7.15254e-08, 0, -4.76836e-08, 1.2, 0, 0, 0 )
shape = SubResource( 3 )

[node name="CSGPolygon" type="CSGPolygon" parent="Player/CollisionShape"]
transform = Transform( 1, 0, 0, 0, 0.831, 0, 0, 0, 2.884, -0.508, -0.45, 1.489 )
visible = false

[node name="CSGSphere" type="CSGSphere" parent="Player/CollisionShape"]
transform = Transform( 1, 0, 0, 0, 1, 0, 0, 0, 1.495, -7.45058e-08, 4.76837e-07, 0 )
smooth_faces = false

[node name="Camera" type="Camera" parent="Player"]
transform = Transform( 1, 0, 0, 0, -5.6426e-07, 1, 0, -1, -5.6426e-07, 0, -0.442098, -1.40249 )

[node name="OmniLight" type="OmniLight" parent="Player/Camera"]
transform = Transform( 1, 0, 0, 0, 1, -1.19209e-07, 0, 1.19209e-07, 1, 0, 0.578236, -0.480944 )
shadow_enabled = true
omni_range = 17.7
omni_attenuation = 1.68179

[node name="floor" type="StaticBody" parent="."]

[node name="floor" type="CollisionShape" parent="floor"]
transform = Transform( 10, 0, 0, 0, 1, 0, 0, 0, 10, 0, 0, 0 )
shape = SubResource( 4 )

[node name="CSGBox" type="CSGBox" parent="floor/floor"]
transform = Transform( 1, 0, 0, 0, 1, 0, 0, 0, 1, 0.000657272, 1.90735e-06, 0.00160685 )
material = SubResource( 5 )

[node name="rusted_metal" type="StaticBody" parent="."]
transform = Transform( -1.62921e-07, -1, 0, 1, -1.62921e-07, 0, 0, 0, 1, 9.50565, 8.84298, 0 )

[node name="floor" type="CollisionShape" parent="rusted_metal"]
transform = Transform( 10, 0, 0, 0, 1, 0, 0, 0, 10, 0, 0, 0 )
shape = SubResource( 4 )

[node name="CSGMesh" type="CSGMesh" parent="rusted_metal/floor"]
mesh = SubResource( 6 )
material = ExtResource( 4 )

[node name="rusted_metal2" type="StaticBody" parent="."]
transform = Transform( -0.433974, -0.900926, 0, 0.900926, -0.433974, 0, 0, 0, 1, -14.4561, 7.58924, 0 )

[node name="floor" type="CollisionShape" parent="rusted_metal2"]
transform = Transform( 10, 0, 0, 0, 1, 0, 0, 0, 10, 0, 0, 0 )
shape = SubResource( 4 )

[node name="CSGBox" type="CSGBox" parent="rusted_metal2/floor"]
material = ExtResource( 3 )

[node name="rusted_metal3" type="StaticBody" parent="."]
transform = Transform( -0.0343285, -0.0712657, -0.996866, 0.59268, -0.804584, 0.0371097, -0.804707, -0.589548, 0.0698578, -2.38376, 7.58924, -12.4954 )

[node name="floor" type="CollisionShape" parent="rusted_metal3"]
transform = Transform( 10, 0, 0, 0, 1, 0, 0, 0, 10, 0, 0, 0 )
shape = SubResource( 4 )

[node name="CSGBox" type="CSGBox" parent="rusted_metal3/floor"]
material = ExtResource( 3 )

[node name="rusted_metal4" type="StaticBody" parent="."]
transform = Transform( -0.0343285, -0.0712657, -0.996866, 0.919189, 0.389299, -0.0594844, 0.392318, -0.918351, 0.0521425, -2.38376, 7.58924, 12.812 )

[node name="floor" type="CollisionShape" parent="rusted_metal4"]
transform = Transform( 10, 0, 0, 0, 1, 0, 0, 0, 10, 0, 0, 0 )
shape = SubResource( 4 )

[node name="CSGBox" type="CSGBox" parent="rusted_metal4/floor"]
material = ExtResource( 3 )

[node name="Camera" type="Camera" parent="."]
transform = Transform( 0.497458, 0, -0.867488, 0, 1, 0, 0.867488, 0, 0.497458, -6.65726, 4.84654, 5.67858 )
current = true
